*Banaszak   Lolita f    BPHKPLPKXXX   PL61123400110011000012300678  12:34   16/12/2016 01234567890
 1 10 23 30 38  47 
 9 24 26 33 40  48 
 8 14 26 33 47  41 
 7 12 15 16 41  48
 6 14 20 27 28  40 
*Fajfus Tadeusz     m    ALBPPLPWXXX   PL61123456780002200022346678  18:01 6/12/2016  01234567890
 7 13 21 37 41 2  
 3  6 23 40 41 3  
 6 17 23 24 35 12  
15 30 33 34 49 15  
 6  7  8 26 49 18  
 8 10 15 25 31 20  
*Burak Helena       F    WBKPPLPPXXX    PL62123456780001100011345611  19:56  28/11/2016 01234567893
 2  5 16 18 37 39
 8 10 28 40 43 46
24 25 29 31 34 47
*Pawlik Pamela      F    POLUPLPRXXX  PL63123456780000000012345678   10:12   24/11/2016  01234567898
 1  2 15 33 43 45
 9 13 17 21 29 47
10 14 18 27 38 43
 3  5  6 18 24 42
*Mielnus Katarzyna  F    CITIPLPXXXX   PL64123456003333000012345600  12:11   2/12/2016  01234567897
10 24 27 31 41 46
12 23 38 42 46 49
 4  5 23 32 39 44
 6  9 10 16 28 43
 4 10 23 27 28 39
 2  8 17 31 36 42
15 17 26 29 32 47
*Piernik Marcin     M    BIGBPLPWXXX   PL65123456780000444412300678  13:20  4/12/2016  01234567896
27 29 40 43 44 49
 7 15 32 37 29 42
*Anderson Pamela    f    DEUTPLPXXXX   PL67123456784444000010045678  11:11   1/5/2016   01234567894
 17  24  23  29  36  42
 14  46  44   9  23  23
 24   7  34   2  34  12
 26  27  46   3  13   5
 23  43  17  44  10   6
 37  27  48   8  18   5
 45   9   4  24  12  22
 21  40  48  47   1  35
  9  48  45  12  46  41
*Lopez Jennifer      f   DEUTPLPXXXX   PL67123456780000333312345678 12:11  21/12/2016 01234567894
 32  14  45  38  37  11
 41  16  25  46  34  48
  5  31  21  29  22  11
  4  40  17   6  37  29
  5  31  21  29  22  11
 41  16  25  46  34  48
*Krupa Joanna        f   RCBWPLPWXXX   PL56123456780000000012345000 21:20   19/11/2016  01234567898 
 32  14  45  38  37  11
*Mucha Anna          f   INGBPLPWXXX   PL54123456780000222212300078 21:18    12/10/2016  01234567892
  9  48  45  12  46  41
 21  40  48  47   1  35
 45   9   4  24  12  22
 37  27  48   8  18   5
 23  43  17  44  10   6
 26  27  46   3  13   5
 14  46  44   9  24   7
*Zeta-Jones Catherine f  RCBWPLPWXXX   PL47123456780000111100005678  10:02  27/9/2016   01234567892
 17  24  23  29  36  42
 48  49   6   7  19  45
 16  15  37  44  28  35
 49  47  23  46  24  35
*Moore Demi          F   RCBWPLPWXXX   PL47123456782222000008765432 17:05   2/9/2016    01234567894
 22  44  40  33   7  30
  8   1  31   4  17  28
 13  29  38  33   6  19
 47  13   3  31  16  36
 34  11  20  29  49   6
 25   8  44  22  10  26
*Brosnan Pierce      m   RCBWPLPWXXX  PL47876543211111000012345678  13:12   9/8/2016    01234567893  
 17  39  40  27  25  18
 25  49   4  47  29  16
 29   4  12  27  25  16