Anderson Pamela	Female 	 01234567894 	 11:11 	 Sunday  01 May 2016
 17	 24	 23	 29	 36	 42	
 14	 46	 44	  9	 23	 23	
 24	  7	 34	  2	 34	 12	
 26	 27	 46	  3	 13	  5	
 23	 43	 17	 44	 10	  6	
 37	 27	 48	  8	 18	  5	
 45	  9	  4	 24	 12	 22	
 21	 40	 48	 47	  1	 35	
  9	 48	 45	 12	 46	 41	

Banaszak Lolita	Female 	 01234567890 	 12:34 	 Friday  16 December 2016
  1	 10	 23	 30	 38	 47	
  9	 24	 26	 33	 40	 48	
  8	 14	 26	 33	 47	 41	
  7	 12	 15	 16	 41	 48	
  6	 14	 20	 27	 28	 40	

Brosnan Pierce	Male 	 01234567893 	 13:12 	 Tuesday  09 August 2016
 17	 39	 40	 27	 25	 18	
 25	 49	  4	 47	 29	 16	
 29	  4	 12	 27	 25	 16	

Burak Helena	Female 	 01234567893 	 19:56 	 Monday  28 October 2016
  2	  5	 16	 18	 37	 39	
  8	 10	 28	 40	 43	 46	
 24	 25	 29	 31	 34	 47	

Fajfus Tadeusz	Male 	 01234567890 	 18:01 	 Tuesday  06 December 2016
  7	 13	 21	 37	 41	  2	
  3	  6	 23	 40	 41	  3	
  6	 17	 23	 24	 35	 12	
 15	 30	 33	 34	 49	 15	
  6	  7	  8	 26	 49	 18	
  8	 10	 15	 25	 31	 20	

Krupa Joanna	Female 	 01234567898 	 21:20 	 Saturday  19 October 2016
 32	 14	 45	 38	 37	 11	

Lopez Jennifer	Female 	 01234567894 	 12:11 	 Wednesday  21 December 2016
 32	 14	 45	 38	 37	 11	
 41	 16	 25	 46	 34	 48	
  5	 31	 21	 29	 22	 11	
  4	 40	 17	  6	 37	 29	
  5	 31	 21	 29	 22	 11	
 41	 16	 25	 46	 34	 48	

Mielnus Katarzyna	Female 	 01234567897 	 12:11 	 Friday  02 December 2016
 10	 24	 27	 31	 41	 46	
 12	 23	 38	 42	 46	 49	
  4	  5	 23	 32	 39	 44	
  6	  9	 10	 16	 28	 43	
  4	 10	 23	 27	 28	 39	
  2	  8	 17	 31	 36	 42	
 15	 17	 26	 29	 32	 47	

Moore Demi	Female 	 01234567894 	 17:05 	 Friday  02 September 2016
 22	 44	 40	 33	  7	 30	
  8	  1	 31	  4	 17	 28	
 13	 29	 38	 33	  6	 19	
 47	 13	  3	 31	 16	 36	
 34	 11	 20	 29	 49	  6	
 25	  8	 44	 22	 10	 26	

Mucha Anna	Female 	 01234567892 	 21:18 	 Wednesday  12 November 2016
  9	 48	 45	 12	 46	 41	
 21	 40	 48	 47	  1	 35	
 45	  9	  4	 24	 12	 22	
 37	 27	 48	  8	 18	  5	
 23	 43	 17	 44	 10	  6	
 26	 27	 46	  3	 13	  5	
 14	 46	 44	  9	 24	  7	

Pawlik Pamela	Female 	 01234567898 	 10:12 	 Thursday  24 October 2016
  1	  2	 15	 33	 43	 45	
  9	 13	 17	 21	 29	 47	
 10	 14	 18	 27	 38	 43	
  3	  5	  6	 18	 24	 42	

Piernik Marcin	Male 	 01234567896 	 13:20 	 Sunday  04 December 2016
 27	 29	 40	 43	 44	 49	
  7	 15	 32	 37	 29	 42	

Zeta-Jones Catherine	Female 	 01234567892 	 10:02 	 Tuesday  27 September 2016
 17	 24	 23	 29	 36	 42	
 48	 49	  6	  7	 19	 45	
 16	 15	 37	 44	 28	 35	
 49	 47	 23	 46	 24	 35	

----------------------------------------
	STATS
----------------------------------------
 1:	 5  		17:	11  		33:	 6  		
 2:	 5  		18:	 7  		34:	 7  		
 3:	 6  		19:	 2  		35:	 5  		
 4:	 8  		20:	 3  		36:	 4  		
 5:	 9  		21:	 6  		37:	 9  		
 6:	12  		22:	 6  		38:	 6  		
 7:	 8  		23:	13  		39:	 4  		
 8:	 9  		24:	12  		40:	10  		
 9:	 9  		25:	 8  		41:	 9  		
10:	10  		26:	 7  		42:	 6  		
11:	 5  		27:	11  		43:	 7  		
12:	 9  		28:	 6  		44:	 9  		
13:	 6  		29:	14  		45:	 8  		
14:	 7  		30:	 3  		46:	12  		
15:	 8  		31:	 8  		47:	10  		
16:	 9  		32:	 5  		48:	11  		
						49:	 8